1 0.732692 0.378866 0.150000 0.273196
1 0.813462 0.695876 0.096154 0.298969
1 0.388462 0.226804 0.246154 0.092784
1 0.376923 0.414948 0.138462 0.262887
1 0.221154 0.422680 0.173077 0.319588
1 0.173077 0.275773 0.169231 0.262887
1 0.307692 0.752577 0.138462 0.350515
1 0.255769 0.595361 0.119231 0.345361
1 0.498077 0.487113 0.219231 0.108247
1 0.511538 0.559278 0.253846 0.139175
1 0.517308 0.657216 0.226923 0.128866
1 0.678846 0.659794 0.088462 0.288660
1 0.707692 0.518041 0.100000 0.283505
1 0.634615 0.332474 0.061538 0.283505
1 0.586538 0.298969 0.057692 0.278351
1 0.532692 0.298969 0.065385 0.278351