1 0.175385 0.291536 0.349231 0.580982
1 0.550385 0.086207 0.120769 0.170324
1 0.681154 0.178683 0.302308 0.355277
1 0.935769 0.379310 0.128462 0.163009
1 0.901923 0.757576 0.126923 0.125392
1 0.458846 0.653083 0.163846 0.196447
1 0.310769 0.782132 0.080000 0.191223
1 0.192692 0.794148 0.133077 0.144201
1 0.663462 0.789969 0.188462 0.229885
1 0.950769 0.557994 0.098462 0.217346
1 0.871923 0.721003 0.256154 0.303030
1 0.865769 0.160920 0.131538 0.198537
1 0.449615 0.072100 0.083846 0.142111
1 0.290385 0.522466 0.125385 0.171369
1 0.118846 0.564263 0.205385 0.303030
1 0.418846 0.484848 0.137692 0.135841
1 0.570385 0.518286 0.139231 0.194357
1 0.681923 0.566353 0.066923 0.140021