1 0.682274 0.784024 0.301003 0.301775
1 0.254181 0.677515 0.093645 0.644970
1 0.165552 0.636095 0.083612 0.633136
1 0.341137 0.647929 0.086957 0.633136
1 0.423077 0.606509 0.096990 0.633136
1 0.496656 0.568047 0.083612 0.615385
1 0.576923 0.491124 0.083612 0.520710
1 0.662207 0.464497 0.080268 0.514793
1 0.734114 0.428994 0.076923 0.502959
1 0.817726 0.437870 0.083612 0.591716
1 0.889632 0.417160 0.066890 0.597633
1 0.954849 0.369822 0.076923 0.597633
1 0.113712 0.579882 0.093645 0.639053
1 0.051839 0.532544 0.096990 0.627219