1 0.461111 0.677778 0.194444 0.327778
1 0.197222 0.697222 0.197222 0.522222
1 0.080556 0.768056 0.158333 0.436111
1 0.100000 0.411111 0.175000 0.333333
1 0.885417 0.273611 0.195833 0.402778
1 0.872222 0.831944 0.130556 0.330556
1 0.748611 0.868056 0.213889 0.263889
1 0.493750 0.379167 0.176389 0.363889
1 0.280556 0.123611 0.105556 0.230556
1 0.669444 0.280556 0.194444 0.344444
1 0.675694 0.084722 0.201389 0.163889
1 0.459028 0.108333 0.248611 0.211111
1 0.467361 0.833333 0.331944 0.333333
1 0.685417 0.577778 0.273611 0.327778
1 0.301389 0.375000 0.161111 0.316667