1 0.464744 0.205769 0.124359 0.219231
1 0.550000 0.152885 0.112821 0.232692
1 0.328846 0.859615 0.121795 0.223077
1 0.144872 0.838462 0.146154 0.211538
1 0.638462 0.644231 0.128205 0.161538
1 0.553846 0.666346 0.100000 0.175000
1 0.716667 0.889423 0.128205 0.221154
1 0.833974 0.896154 0.139744 0.207692
1 0.932051 0.899038 0.133333 0.201923
1 0.897436 0.620192 0.089744 0.186538
1 0.253205 0.657692 0.114103 0.176923
1 0.452564 0.657692 0.100000 0.192308
1 0.445513 0.852885 0.111538 0.209615
1 0.091667 0.656731 0.093590 0.144231
1 0.182051 0.651923 0.094872 0.161538
1 0.431410 0.048077 0.162821 0.092308