1 0.885246 0.159236 0.213115 0.191083
1 0.393443 0.320064 0.237705 0.219745
1 0.147541 0.517516 0.286885 0.181529
1 0.176230 0.898089 0.344262 0.159236
1 0.864754 0.452229 0.270492 0.203822
1 0.104508 0.323248 0.200820 0.232484
1 0.614754 0.428344 0.221311 0.156051
1 0.618852 0.581210 0.213115 0.143312
1 0.866803 0.662420 0.266393 0.152866
1 0.797131 0.796178 0.405738 0.171975
1 0.817623 0.929936 0.364754 0.140127
1 0.495902 0.899682 0.278689 0.168790
1 0.489754 0.729299 0.176230 0.165605
1 0.403689 0.547771 0.209016 0.165605
1 0.243852 0.694268 0.307377 0.229299
1 0.758197 0.281847 0.483607 0.136943
1 0.616803 0.119427 0.299180 0.156051
1 0.356557 0.108280 0.229508 0.191083
1 0.112705 0.117834 0.200820 0.152866