0 0.750000 0.101093 0.123188 0.125683
0 0.809783 0.355191 0.126812 0.163934
0 0.681159 0.330601 0.123188 0.114754
0 0.610507 0.401639 0.105072 0.136612
0 0.715580 0.450820 0.112319 0.125683
0 0.427536 0.732240 0.152174 0.174863
0 0.614130 0.819672 0.126812 0.131148
0 0.750000 0.882514 0.152174 0.147541
0 0.833333 0.661202 0.144928 0.163934
0 0.860507 0.489071 0.134058 0.136612
0 0.657609 0.204918 0.112319 0.136612
0 0.494565 0.098361 0.134058 0.142077
0 0.239130 0.142077 0.144928 0.163934
0 0.242754 0.778689 0.137681 0.136612
0 0.128623 0.811475 0.112319 0.125683
0 0.143116 0.655738 0.112319 0.153005
0 0.143116 0.483607 0.119565 0.169399
0 0.248188 0.461749 0.119565 0.158470
0 0.132246 0.292350 0.119565 0.147541
0 0.403986 0.185792 0.105072 0.120219
0 0.121377 0.158470 0.105072 0.120219
0 0.851449 0.120219 0.130435 0.131148
0 0.722826 0.595628 0.112319 0.142077
0 0.318841 0.338798 0.130435 0.131148