0 0.523077 0.793814 0.176923 0.226804
0 0.373077 0.783505 0.146154 0.195876
0 0.134615 0.829897 0.153846 0.195876
0 0.405769 0.597938 0.150000 0.185567
0 0.067308 0.734536 0.126923 0.262887
0 0.905769 0.636598 0.180769 0.201031
0 0.230769 0.762887 0.138462 0.206186
0 0.215385 0.592784 0.138462 0.144330
0 0.382692 0.391753 0.119231 0.154639
0 0.500000 0.407216 0.115385 0.154639
0 0.853846 0.515464 0.169231 0.144330
0 0.775000 0.713918 0.134615 0.190722
0 0.903846 0.750000 0.123077 0.170103
0 0.323077 0.337629 0.153846 0.190722
0 0.634615 0.322165 0.176923 0.180412
0 0.732692 0.451031 0.134615 0.149485
0 0.248077 0.502577 0.196154 0.159794
1 0.644231 0.605670 0.142308 0.479381