0 0.936293 0.453608 0.119691 0.237113
0 0.918919 0.247423 0.154440 0.206186
0 0.814672 0.164948 0.169884 0.206186
0 0.808880 0.373711 0.166023 0.201031
0 0.843629 0.582474 0.173745 0.206186
0 0.658301 0.260309 0.150579 0.190722
0 0.702703 0.085052 0.162162 0.159794
0 0.548263 0.139175 0.154440 0.195876
0 0.428571 0.167526 0.123552 0.170103
0 0.378378 0.061856 0.131274 0.113402
0 0.305019 0.113402 0.115830 0.175258
0 0.256757 0.255155 0.111969 0.149485
0 0.345560 0.291237 0.111969 0.159794
0 0.451737 0.363402 0.131274 0.159794
0 0.266409 0.407216 0.115830 0.134021
0 0.196911 0.489691 0.092664 0.134021
0 0.299228 0.520619 0.111969 0.175258
0 0.420849 0.510309 0.115830 0.144330
0 0.552124 0.708763 0.123552 0.170103
0 0.646718 0.811856 0.127413 0.190722