0 0.367754 0.642077 0.155797 0.234973
0 0.384058 0.418033 0.144928 0.224044
0 0.076087 0.306011 0.144928 0.229508
0 0.717391 0.254098 0.144928 0.213115
0 0.527174 0.494536 0.155797 0.234973
0 0.235507 0.816940 0.152174 0.224044
0 0.416667 0.857923 0.144928 0.218579
0 0.824275 0.672131 0.148551 0.218579
0 0.255435 0.289617 0.148551 0.218579
0 0.724638 0.885246 0.152174 0.218579
0 0.567029 0.254098 0.148551 0.213115
0 0.166667 0.590164 0.144928 0.218579
0 0.384058 0.199454 0.152174 0.224044
0 0.653986 0.699454 0.148551 0.218579
0 0.574275 0.874317 0.155797 0.229508
0 0.806159 0.412568 0.148551 0.224044
0 0.675725 0.475410 0.141304 0.218579
0 0.865942 0.213115 0.159420 0.240437
0 0.664855 0.087432 0.148551 0.163934
0 0.512681 0.101093 0.155797 0.191257
0 0.056159 0.622951 0.105072 0.229508
0 0.123188 0.923497 0.166667 0.153005