0 0.898000 0.496000 0.164000 0.144000
0 0.479000 0.282000 0.158000 0.148000
0 0.329000 0.122000 0.390000 0.240000
0 0.582000 0.094000 0.268000 0.184000
0 0.512000 0.457000 0.264000 0.282000
0 0.923000 0.337000 0.154000 0.290000
0 0.855000 0.766000 0.290000 0.284000
0 0.586000 0.881000 0.268000 0.238000
0 0.551000 0.652000 0.278000 0.228000
0 0.200000 0.787000 0.156000 0.138000
0 0.327000 0.893000 0.362000 0.214000
0 0.139000 0.295000 0.158000 0.106000
0 0.137000 0.429000 0.174000 0.094000
0 0.351000 0.631000 0.086000 0.150000
0 0.746000 0.438000 0.332000 0.276000