0 0.863627 0.619878 0.134329 0.151610
0 0.617536 0.873498 0.152729 0.162043
0 0.559493 0.131631 0.151429 0.147473
0 0.870860 0.866557 0.134496 0.142210
0 0.375998 0.375461 0.115648 0.168110
0 0.627097 0.378951 0.159584 0.135412
0 0.131971 0.625164 0.112420 0.144006
0 0.184144 0.133548 0.249416 0.172664
0 0.629491 0.621793 0.196362 0.121539
0 0.878307 0.370555 0.137486 0.180457
0 0.370608 0.872781 0.088471 0.173073
0 0.134740 0.873115 0.149482 0.167084
0 0.134254 0.381465 0.158987 0.173926
0 0.431810 0.131580 0.092201 0.090915
