0 0.663333 0.726667 0.106667 0.126667
0 0.336667 0.708333 0.120000 0.123333
0 0.213333 0.783333 0.120000 0.133333
0 0.261667 0.410000 0.096667 0.093333
0 0.471667 0.116667 0.096667 0.106667
0 0.451667 0.210000 0.096667 0.100000
0 0.773333 0.156667 0.093333 0.100000
0 0.723333 0.238333 0.106667 0.103333
0 0.828333 0.278333 0.110000 0.096667
0 0.863333 0.648333 0.140000 0.136667
0 0.915000 0.853333 0.136667 0.146667
0 0.738333 0.446667 0.103333 0.106667
0 0.310000 0.215000 0.120000 0.096667
0 0.315000 0.578333 0.116667 0.110000
0 0.391667 0.533333 0.116667 0.126667
0 0.558333 0.573333 0.123333 0.126667
0 0.131667 0.276667 0.123333 0.113333