0 0.524567 0.547452 0.087534 0.167717
0 0.661958 0.209267 0.107805 0.149967
0 0.373980 0.068493 0.124763 0.097359
0 0.645136 0.326944 0.129700 0.086466
0 0.744835 0.185496 0.113391 0.072814
0 0.150204 0.627257 0.142137 0.104076
0 0.252803 0.074857 0.122507 0.094887
0 0.191784 0.894531 0.128532 0.136700
0 0.257279 0.514482 0.089452 0.179818
0 0.515460 0.355918 0.145986 0.105436
0 0.053078 0.851353 0.105270 0.162809
0 0.758781 0.293666 0.121065 0.091607
0 0.259221 0.290902 0.133996 0.217025
0 0.753262 0.935399 0.157929 0.128451
0 0.860008 0.033859 0.136541 0.067719
