0 0.894889 0.645538 0.079652 0.150444
0 0.616578 0.622759 0.147872 0.117915
0 0.197303 0.470917 0.088752 0.136021
0 0.437585 0.459314 0.048548 0.138769
0 0.598126 0.281060 0.095553 0.141470
0 0.206910 0.282261 0.073269 0.135583
0 0.086872 0.286199 0.118047 0.118370
0 0.228279 0.087689 0.098744 0.141651
0 0.347269 0.641545 0.092266 0.117921
0 0.686894 0.087434 0.151834 0.149593
0 0.874141 0.447816 0.101594 0.140212
0 0.875250 0.269344 0.103581 0.118994
0 0.323231 0.457707 0.079171 0.113885
0 0.449412 0.826574 0.115883 0.127902
0 0.568465 0.448180 0.068470 0.144698
0 0.213164 0.612481 0.145883 0.092264
0 0.356830 0.059146 0.091223 0.095068
0 0.874632 0.832310 0.123850 0.173505
0 0.867300 0.105861 0.165933 0.103409
0 0.727045 0.270676 0.136036 0.126041
0 0.720983 0.446732 0.104665 0.129920
