0 0.083461 0.122324 0.093415 0.214067
0 0.248851 0.117737 0.096478 0.223242
0 0.415773 0.134557 0.078101 0.238532
0 0.584227 0.116208 0.090352 0.201835
0 0.750383 0.117737 0.091884 0.211009
0 0.917305 0.136086 0.079632 0.241590
0 0.915008 0.441896 0.062787 0.192661
0 0.752680 0.486239 0.050536 0.305810
0 0.588055 0.495413 0.107198 0.287462
0 0.417305 0.440367 0.068913 0.195719
0 0.250383 0.492355 0.044410 0.299694
0 0.083461 0.496942 0.090352 0.284404
0 0.083461 0.810398 0.084227 0.238532
0 0.249617 0.784404 0.110260 0.204893
0 0.418070 0.808869 0.070444 0.253823
0 0.583461 0.805810 0.085758 0.229358
0 0.751149 0.807339 0.117917 0.244648
0 0.915008 0.807339 0.071975 0.256881