0 0.417902 0.473179 0.118771 0.226363
0 0.752012 0.787568 0.100413 0.238206
0 0.082859 0.766132 0.116456 0.191888
0 0.250869 0.765652 0.118396 0.190810
0 0.583726 0.473303 0.118167 0.222322
0 0.584299 0.765343 0.118162 0.198915
0 0.751260 0.455152 0.139537 0.192518
0 0.917204 0.464538 0.149773 0.203331
0 0.250695 0.160116 0.104910 0.218188
0 0.584638 0.179464 0.123908 0.272347
0 0.916176 0.811435 0.098546 0.285657
0 0.416889 0.763493 0.121695 0.200071
0 0.083076 0.162555 0.101202 0.208577
0 0.415895 0.188589 0.121013 0.286029
