1 0.891579 0.539363 0.125939 0.448011
1 0.732147 0.556202 0.113151 0.273229
1 0.650811 0.758475 0.107208 0.168019
1 0.755250 0.777356 0.095730 0.153926
1 0.543722 0.783645 0.097504 0.154494
1 0.097931 0.515125 0.143355 0.498845
1 0.424698 0.575977 0.070825 0.374322
1 0.151538 0.710949 0.102747 0.222547
1 0.350032 0.641650 0.098909 0.339652
1 0.242950 0.777956 0.087554 0.105351
1 0.580713 0.347662 0.070790 0.148235
1 0.509974 0.664437 0.077364 0.112698
1 0.710737 0.343725 0.082024 0.178666
1 0.634145 0.470140 0.107970 0.323078
