1 0.926988 0.602080 0.109812 0.453767
1 0.693609 0.586995 0.106198 0.465291
1 0.627717 0.729176 0.126248 0.412221
1 0.485955 0.537005 0.110524 0.562589
1 0.781619 0.741508 0.089484 0.296803
1 0.220793 0.787450 0.113551 0.323017
1 0.278892 0.549125 0.103006 0.458295
1 0.442977 0.753302 0.063650 0.266036
1 0.793703 0.431633 0.112918 0.612302
1 0.569967 0.516724 0.072823 0.475026
1 0.078881 0.678495 0.100187 0.327798
1 0.145077 0.647572 0.079120 0.453341
1 0.368247 0.481245 0.112913 0.718407
1 0.650874 0.359730 0.079707 0.458391
