1 0.795385 0.307382 0.306154 0.314879
1 0.505769 0.210496 0.279231 0.404844
1 0.818077 0.602076 0.290000 0.327566
1 0.698462 0.856978 0.238462 0.286044
1 0.478462 0.897347 0.193846 0.205306
1 0.431154 0.807958 0.216154 0.261822
1 0.389615 0.489043 0.268462 0.560554
1 0.220000 0.412918 0.209231 0.283737
1 0.103846 0.663206 0.206154 0.389850
1 0.064231 0.871396 0.117692 0.206459
1 0.925385 0.829296 0.149231 0.272203
1 0.159231 0.217993 0.164615 0.193772
1 0.064615 0.392734 0.127692 0.391003
1 0.036923 0.101499 0.072308 0.200692