1 0.276667 0.277003 0.133333 0.198606
1 0.361667 0.350174 0.123333 0.198606
1 0.090000 0.348432 0.126667 0.209059
1 0.068333 0.209059 0.103333 0.118467
1 0.168333 0.282230 0.096667 0.174216
1 0.410000 0.264808 0.166667 0.216028
1 0.836667 0.087108 0.146667 0.167247
1 0.918333 0.252613 0.136667 0.163763
1 0.805000 0.390244 0.136667 0.160279
1 0.705000 0.378049 0.123333 0.128920
1 0.595000 0.256098 0.123333 0.219512
1 0.695000 0.235192 0.103333 0.163763
1 0.800000 0.231707 0.106667 0.163763
1 0.593333 0.097561 0.140000 0.118467
1 0.715000 0.116725 0.110000 0.080139
1 0.230000 0.635889 0.086667 0.108014
1 0.283333 0.930314 0.153333 0.139373
1 0.415000 0.822300 0.123333 0.139373
1 0.063333 0.824042 0.113333 0.121951
1 0.955000 0.766551 0.090000 0.188153
1 0.595000 0.714286 0.130000 0.222997
1 0.765000 0.827526 0.096667 0.142857
1 0.678333 0.860627 0.090000 0.111498
1 0.596667 0.872822 0.086667 0.101045
1 0.706667 0.764808 0.106667 0.087108