1 0.192797 0.301471 0.122881 0.255882
1 0.151130 0.397059 0.073446 0.258824
1 0.125000 0.555882 0.080508 0.158824
1 0.093220 0.714706 0.146893 0.182353
1 0.182203 0.685294 0.079096 0.135294
1 0.294492 0.739706 0.111582 0.155882
1 0.463277 0.444118 0.059322 0.141176
1 0.533192 0.408824 0.108757 0.147059
1 0.396186 0.404412 0.069209 0.202941
1 0.353107 0.379412 0.067797 0.229412
1 0.275424 0.389706 0.062147 0.132353
1 0.249294 0.498529 0.137006 0.144118
1 0.482345 0.707353 0.097458 0.097059
1 0.687147 0.777941 0.063559 0.097059
1 0.783192 0.791176 0.060734 0.070588
1 0.807910 0.701471 0.090395 0.114706
1 0.854520 0.601471 0.070621 0.150000
1 0.907486 0.536765 0.077684 0.185294
1 0.826977 0.464706 0.097458 0.205882
1 0.760593 0.505882 0.086158 0.111765
1 0.756356 0.577941 0.108757 0.108824
1 0.672316 0.455882 0.124294 0.123529
1 0.352401 0.475000 0.049435 0.185294