1 0.181641 0.221083 0.232422 0.284041
1 0.320312 0.202782 0.177734 0.276720
1 0.545410 0.185212 0.452148 0.323572
1 0.831055 0.176428 0.130859 0.224012
1 0.840820 0.314788 0.115234 0.175695
1 0.863281 0.441435 0.093750 0.153734
1 0.762207 0.635432 0.196289 0.137628
1 0.663574 0.516105 0.084961 0.101025
1 0.737793 0.513177 0.067383 0.086384
1 0.769531 0.409956 0.074219 0.096633
1 0.714844 0.409956 0.072266 0.105417
1 0.662598 0.409956 0.069336 0.105417
1 0.604004 0.434846 0.100586 0.128843
1 0.557129 0.422401 0.147461 0.185944
1 0.162109 0.452416 0.150391 0.190337
1 0.161621 0.685212 0.131836 0.269400
1 0.262695 0.655198 0.105469 0.259151
1 0.418457 0.647145 0.190430 0.266471
1 0.503906 0.645681 0.138672 0.245974
1 0.588867 0.630307 0.160156 0.224012
1 0.469727 0.824305 0.087891 0.114202
1 0.379883 0.838214 0.085938 0.121523
1 0.187988 0.890922 0.143555 0.147877