1 0.228602 0.787081 0.129898 0.237640
1 0.457203 0.665869 0.104882 0.440191
1 0.535714 0.795455 0.109403 0.262360
1 0.092827 0.751595 0.174201 0.407496
1 0.686860 0.810606 0.171790 0.295853
1 0.345841 0.887161 0.181133 0.212919
1 0.530892 0.511962 0.125678 0.339713
1 0.565401 0.691388 0.104280 0.362041
1 0.831073 0.865231 0.108800 0.118022
1 0.936558 0.815391 0.116637 0.125199
1 0.609253 0.179825 0.284810 0.324561
1 0.330018 0.456938 0.076552 0.677831
1 0.198764 0.456539 0.136528 0.464912
1 0.405817 0.436603 0.077456 0.691388