1 0.480000 0.237738 0.155000 0.203203
1 0.542750 0.627127 0.143500 0.197197
1 0.390750 0.621121 0.148500 0.199199
1 0.251250 0.625626 0.135500 0.200200
1 0.121750 0.623624 0.132500 0.194194
1 0.258750 0.818318 0.140500 0.177177
1 0.393000 0.818318 0.147000 0.195195
1 0.686000 0.622122 0.152000 0.187187
1 0.687500 0.816316 0.141000 0.191191
1 0.691500 0.958458 0.143000 0.083083
0 0.115250 0.817317 0.131500 0.163163
0 0.131500 0.952452 0.141000 0.095095
0 0.685750 0.627628 0.145500 0.184184
0 0.850750 0.634134 0.150500 0.209209
0 0.776000 0.438438 0.164000 0.182182
0 0.778000 0.222222 0.166000 0.200200
0 0.935500 0.232232 0.129000 0.188188
0 0.931500 0.408909 0.137000 0.175175
0 0.206250 0.239740 0.143500 0.181181
0 0.190750 0.431932 0.143500 0.187187
0 0.339000 0.417417 0.133000 0.192192
0 0.481750 0.428929 0.143500 0.181181
0 0.626750 0.430931 0.138500 0.191191
0 0.547750 0.815315 0.148500 0.185185
0 0.066000 0.237738 0.131000 0.191191
0 0.624000 0.229730 0.142000 0.193193
0 0.844750 0.830831 0.163500 0.200200
0 0.063750 0.428929 0.126500 0.181181