1 0.093399 0.908474 0.185393 0.182116
1 0.844277 0.244850 0.135885 0.159176
1 0.635358 0.748361 0.298104 0.172753
0 0.373420 0.143258 0.272121 0.196629
0 0.145716 0.792135 0.219101 0.233146
0 0.258778 0.697800 0.172753 0.165262
0 0.469803 0.491339 0.233848 0.162453
0 0.772472 0.455993 0.098315 0.114232
0 0.772121 0.582865 0.148876 0.120787
0 0.750702 0.776685 0.290028 0.290262
0 0.736306 0.891386 0.198736 0.217228
0 0.461025 0.794710 0.287921 0.192416
0 0.405372 0.685861 0.109902 0.151685
0 0.634129 0.349251 0.099017 0.094569