1 0.705000 0.680000 0.130000 0.231111
1 0.550625 0.314444 0.178750 0.357778
1 0.247500 0.388889 0.147500 0.244444
1 0.395625 0.381111 0.168750 0.171111
1 0.373125 0.498889 0.143750 0.251111
1 0.523125 0.161111 0.221250 0.166667
1 0.610000 0.513333 0.267500 0.240000
1 0.538750 0.714444 0.215000 0.193333
1 0.600000 0.888889 0.215000 0.222222
1 0.286875 0.784444 0.201250 0.253333
1 0.907500 0.837778 0.155000 0.177778
1 0.168750 0.152222 0.167500 0.220000
1 0.746875 0.071111 0.171250 0.120000
1 0.628125 0.058889 0.201250 0.113333
1 0.183750 0.681111 0.220000 0.153333
1 0.195000 0.815556 0.147500 0.253333
1 0.089375 0.911111 0.158750 0.177778
1 0.466250 0.881111 0.202500 0.237778
1 0.125000 0.506667 0.155000 0.164444
1 0.155625 0.448889 0.181250 0.213333
1 0.317500 0.177778 0.190000 0.333333