1 0.619000 0.761603 0.100687 0.378162
1 0.466734 0.756516 0.119715 0.396895
1 0.769741 0.773677 0.130206 0.354384
1 0.139596 0.713842 0.213582 0.477440
1 0.251022 0.264696 0.085408 0.283284
1 0.317173 0.767557 0.099398 0.367045
1 0.921362 0.790740 0.088879 0.322210
1 0.474104 0.273593 0.089275 0.266713
1 0.364201 0.273738 0.099103 0.266838
1 0.585939 0.271102 0.084533 0.273304
1 0.922650 0.305538 0.083482 0.205049
1 0.139821 0.229384 0.106924 0.365342
1 0.698112 0.289148 0.089802 0.225878
1 0.811048 0.288658 0.086603 0.232572
