1 0.481818 0.106667 0.096970 0.204444
1 0.199242 0.102222 0.113636 0.200000
1 0.159848 0.876667 0.192424 0.237778
1 0.437879 0.763333 0.263636 0.326667
1 0.569697 0.927778 0.172727 0.140000
1 0.234848 0.347778 0.118182 0.295556
1 0.377273 0.471111 0.187879 0.155556
1 0.593939 0.325556 0.212121 0.246667
1 0.675000 0.784444 0.171212 0.128889
1 0.816667 0.656667 0.100000 0.286667
1 0.866667 0.507778 0.169697 0.162222
1 0.817424 0.331111 0.128788 0.173333
1 0.730303 0.193333 0.200000 0.111111
1 0.617424 0.112222 0.183333 0.131111
1 0.881061 0.863333 0.237879 0.135556
1 0.630303 0.877778 0.166667 0.137778
1 0.325000 0.627778 0.222727 0.157778
1 0.156061 0.666667 0.127273 0.177778
1 0.062121 0.488889 0.121212 0.320000
1 0.083333 0.327778 0.121212 0.264444
1 0.425000 0.313333 0.192424 0.146667
1 0.556061 0.582222 0.239394 0.102222
1 0.650000 0.673333 0.178788 0.120000
1 0.033333 0.750000 0.063636 0.362222