1 0.109500 0.477451 0.187000 0.790196
1 0.463000 0.682353 0.154000 0.529412
1 0.309000 0.607843 0.166000 0.631373
1 0.194500 0.608824 0.143000 0.601961
1 0.618500 0.758824 0.105000 0.419608
1 0.274000 0.297059 0.168000 0.519608
1 0.711500 0.741176 0.109000 0.435294
1 0.782500 0.639216 0.221000 0.568627
1 0.543000 0.836275 0.066000 0.292157
1 0.413500 0.361765 0.141000 0.339216
1 0.530500 0.445098 0.093000 0.474510
1 0.634000 0.440196 0.114000 0.433333
1 0.862000 0.509804 0.240000 0.725490
1 0.679000 0.207843 0.146000 0.321569
1 0.473500 0.218627 0.241000 0.374510