1 0.268634 0.117096 0.102484 0.229508
1 0.454969 0.113583 0.096273 0.156909
1 0.166925 0.429742 0.122671 0.362998
1 0.115683 0.473068 0.104037 0.355972
1 0.076087 0.307963 0.149068 0.316159
1 0.361801 0.377049 0.149068 0.281030
1 0.801242 0.181499 0.083851 0.185012
1 0.568323 0.166276 0.074534 0.220141
1 0.473602 0.425059 0.083851 0.208431
1 0.676242 0.800937 0.079193 0.379391
1 0.334627 0.462529 0.122671 0.292740
1 0.267081 0.454333 0.090062 0.243560
1 0.689441 0.504684 0.086957 0.147541
1 0.861025 0.350117 0.048137 0.217799
1 0.794255 0.747073 0.066770 0.140515
1 0.182453 0.818501 0.107143 0.199063