1 0.649167 0.241822 0.098333 0.268692
1 0.098333 0.407710 0.166667 0.707944
1 0.360000 0.441589 0.173333 0.728972
1 0.503333 0.384346 0.166667 0.679907
1 0.738333 0.280374 0.066667 0.186916
1 0.901667 0.664720 0.096667 0.278037
1 0.754167 0.705607 0.041667 0.200935
1 0.812500 0.703271 0.065000 0.191589
1 0.797500 0.285047 0.041667 0.200935
1 0.225833 0.353972 0.148333 0.656542
1 0.842500 0.292056 0.038333 0.186916
1 0.709167 0.713785 0.038333 0.189252
1 0.880833 0.306075 0.028333 0.140187
1 0.915000 0.306075 0.026667 0.140187
1 0.948333 0.327103 0.030000 0.098131
1 0.671667 0.728972 0.030000 0.140187
1 0.637500 0.730140 0.028333 0.137850
1 0.605833 0.753505 0.028333 0.091121