0 0.809167 0.695000 0.381667 0.323333
0 0.651667 0.117500 0.280000 0.095000
0 0.701667 0.052500 0.096667 0.095000
0 0.150000 0.308333 0.296667 0.203333
0 0.115000 0.434167 0.226667 0.071667
0 0.186667 0.555833 0.193333 0.101667
0 0.048333 0.776667 0.093333 0.446667
0 0.422500 0.810000 0.595000 0.276667
0 0.405833 0.730000 0.435000 0.113333
0 0.164167 0.735833 0.118333 0.151667
0 0.334167 0.960833 0.618333 0.078333
0 0.743333 0.468333 0.243333 0.183333
0 0.845000 0.201667 0.310000 0.276667
0 0.677500 0.270833 0.125000 0.221667
0 0.430833 0.226667 0.331667 0.093333
0 0.476667 0.145000 0.266667 0.130000