0 0.736808 0.827083 0.172458 0.129167
0 0.868404 0.722917 0.143501 0.108333
0 0.775097 0.622396 0.097169 0.313542
0 0.456885 0.781771 0.118404 0.096875
0 0.324003 0.681771 0.057272 0.217708
0 0.255792 0.529687 0.058559 0.248958
0 0.201737 0.610938 0.085586 0.123958
0 0.228764 0.705729 0.138353 0.126042
0 0.083012 0.647396 0.115830 0.088542
0 0.610682 0.828125 0.052767 0.143750
0 0.681145 0.635938 0.099743 0.240625
0 0.887387 0.518229 0.083655 0.169792
0 0.859395 0.644792 0.143501 0.091667
0 0.809846 0.383854 0.179537 0.076042
0 0.673745 0.373437 0.099099 0.078125
0 0.569176 0.443229 0.192407 0.223958
0 0.432754 0.545833 0.134492 0.122917
0 0.451737 0.673958 0.055341 0.145833
0 0.500644 0.706771 0.054054 0.182292
0 0.382883 0.657813 0.084942 0.148958
0 0.363256 0.155729 0.088160 0.211458
0 0.543115 0.122396 0.129987 0.092708
0 0.438224 0.117188 0.084942 0.080208
0 0.214286 0.234896 0.081081 0.163542
0 0.466216 0.355208 0.129344 0.154167
0 0.348777 0.370312 0.113256 0.128125
0 0.309202 0.512500 0.064994 0.166667
0 0.175032 0.529687 0.111969 0.121875
0 0.190476 0.459375 0.090090 0.097917
0 0.220721 0.369271 0.104247 0.073958
0 0.609395 0.188542 0.128700 0.108333
0 0.694981 0.272917 0.159588 0.120833
0 0.769305 0.173958 0.088160 0.093750
0 0.632239 0.643750 0.107465 0.264583
0 0.748069 0.438021 0.086873 0.090625
0 0.396075 0.465104 0.140927 0.123958
0 0.452381 0.172396 0.075933 0.107292
0 0.415058 0.219271 0.088803 0.130208