0 0.575714 0.425054 0.120000 0.164882
0 0.326429 0.433619 0.164286 0.147752
0 0.242143 0.562099 0.132857 0.182013
0 0.152143 0.670236 0.107143 0.154176
0 0.279286 0.722698 0.124286 0.182013
0 0.353571 0.750535 0.092857 0.233405
0 0.415714 0.700214 0.077143 0.149893
0 0.472857 0.753747 0.077143 0.167024
0 0.660714 0.539615 0.130000 0.149893
0 0.854286 0.497859 0.260000 0.087794
0 0.737143 0.607066 0.080000 0.122056
0 0.807857 0.655246 0.090000 0.137045
0 0.888571 0.668094 0.105714 0.119914
0 0.830000 0.903640 0.145714 0.192719
0 0.220714 0.892934 0.092857 0.179872
0 0.090714 0.763383 0.178571 0.443255
0 0.382143 0.550321 0.104286 0.158458
0 0.500000 0.674518 0.997143 0.650964