0 0.410000 0.601000 0.134667 0.202000
0 0.847333 0.636000 0.176000 0.258000
0 0.464000 0.776500 0.129333 0.195000
0 0.566000 0.502500 0.165333 0.215000
0 0.445667 0.401500 0.143333 0.197000
0 0.655000 0.349500 0.135333 0.189000
0 0.616000 0.793500 0.145333 0.223000
0 0.692000 0.622500 0.146667 0.211000
0 0.266000 0.182000 0.120000 0.200000
0 0.841667 0.878000 0.131333 0.194000
0 0.083000 0.842500 0.111333 0.183000
0 0.398333 0.154000 0.156667 0.244000
0 0.774333 0.444500 0.116667 0.183000
0 0.899667 0.173000 0.099333 0.144000
0 0.667333 0.130000 0.156000 0.210000
0 0.071333 0.372000 0.109333 0.182000
0 0.209333 0.392000 0.112000 0.162000
0 0.341667 0.776500 0.115333 0.183000
0 0.145333 0.697000 0.108000 0.174000
0 0.115000 0.066000 0.178000 0.130000
0 0.551000 0.270500 0.104667 0.155000
0 0.535000 0.086000 0.147333 0.170000
0 0.405333 0.923000 0.122667 0.152000
0 0.048000 0.644500 0.089333 0.153000
0 0.129000 0.521500 0.116667 0.177000
0 0.785000 0.257500 0.098000 0.165000
0 0.944000 0.483000 0.110667 0.218000
0 0.880333 0.340500 0.114000 0.177000
0 0.243667 0.621000 0.130000 0.210000
0 0.707667 0.922000 0.152667 0.154000
0 0.807000 0.074500 0.130000 0.147000
0 0.741333 0.783500 0.102667 0.141000
0 0.332333 0.331500 0.111333 0.159000
0 0.283333 0.920000 0.126667 0.158000
0 0.210667 0.830000 0.140000 0.190000
0 0.531667 0.918000 0.124667 0.164000
0 0.953000 0.723000 0.094000 0.252000
0 0.942000 0.898500 0.116000 0.203000
0 0.128333 0.223500 0.131333 0.141000
0 0.199000 0.295000 0.136667 0.134000
0 0.337333 0.479500 0.090667 0.147000
0 0.932667 0.079000 0.134667 0.156000